MEME version 4

ALPHABET= ACGT
strands: + -
Background letter frequencies (from uniform background):
A 0.25000 C 0.25000 G 0.25000 T 0.25000 


MOTIF M262_0.6 QKI

letter-probability matrix: alength=4 w= 7 nsites= 20 E= 0
 0.070175  0.035088  0.105263  0.789474
 1.000000  0.000000  0.000000  0.000000
 0.000000  1.000000  0.000000  0.000000
 0.000000  0.000000  0.000000  1.000000
 1.000000  0.000000  0.000000  0.000000
 1.000000  0.000000  0.000000  0.000000
 0.000000  0.877193  0.000000  0.122807


MOTIF M345_0.6 SNRPA

letter-probability matrix: alength=4 w= 11 nsites= 20 E= 0
 0.000000  0.000000  1.000000  0.000000
 0.533333  0.000000  0.133333  0.333333
 0.200000  0.000000  0.000000  0.800000
 0.333333  0.000000  0.000000  0.666667
 0.000000  1.000000  0.000000  0.000000
 0.000000  0.866667  0.133333  0.000000
 0.333333  0.066667  0.000000  0.600000
 0.000000  0.000000  1.000000  0.000000
 0.000000  0.733333  0.000000  0.266667
 0.133333  0.066667  0.000000  0.800000
 0.933333  0.066667  0.000000  0.000000


MOTIF M292_0.6 EIF4B

letter-probability matrix: alength=4 w= 4 nsites= 20 E= 0
 0.105263  0.000000  0.894737  0
 0.000000  0.000000  1.000000  0
 1.000000  0.000000  0.000000  0
 0.684211  0.263158  0.052632  0

MOTIF M296_0.6 IGF2BP1

letter-probability matrix: alength=4 w= 11 nsites= 20 E= 0
 0.916667  0.000000  0.083333  0.000000
 0.916667  0.000000  0.000000  0.083333
 0.000000  0.000000  1.000000  0.000000
 0.000000  1.000000  0.000000  0.000000
 1.000000  0.000000  0.000000  0.000000
 0.000000  0.750000  0.000000  0.250000
 0.000000  0.750000  0.250000  0.000000
 0.000000  1.000000  0.000000  0.000000
 0.000000  0.250000  0.750000  0.000000
 0.000000  0.090909  0.000000  0.909091
 0.000000  0.000000  0.000000  1.000000


MOTIF M349_0.6 PABPC1

letter-probability matrix: alength=4 w= 7 nsites= 20 E= 0
 1.000000  0.000000  0.000000  0.000000
 0.142857  0.857143  0.000000  0.000000
 0.285714  0.000000  0.285714  0.428571
 0.857143  0.000000  0.142857  0.000000
 1.000000  0.000000  0.000000  0.000000
 0.000000  0.285714  0.142857  0.571429
 0.428571  0.428571  0.142857  0.000000


MOTIF M103_0.6 SRSF1

letter-probability matrix: alength=4 w= 7 nsites= 20 E= 0
 0.009655  0.009655  0.971034  0.009655
 0.186153  0.009655  0.794536  0.009655
 0.971034  0.009655  0.009655  0.009655
 0.009655  0.106560  0.763391  0.120394
 0.009655  0.009655  0.971034  0.009655
 0.763391  0.009655  0.217298  0.009655
 0.312984  0.308198  0.192780  0.186037


MOTIF M024_0.6 HNRNPA2B1

letter-probability matrix: alength=4 w= 7 nsites= 20 E= 0
 0.293787  0.106691  0.294857  0.304665
 0.058238  0.058238  0.058238  0.825285
 0.967611  0.010796  0.010796  0.010796
 0.010796  0.010796  0.967611  0.010796
 0.010796  0.010796  0.967611  0.010796
 0.010796  0.010796  0.967611  0.010796
 0.659321  0.082386  0.082386  0.175907


MOTIF M020_0.6 FXR2

letter-probability matrix: alength=4 w= 7 nsites= 20 E= 0
 0.178194  0.087275  0.559956  0.174576
 0.018709  0.018709  0.943872  0.018709
 0.943872  0.018709  0.018709  0.018709
 0.018709  0.943872  0.018709  0.018709
 0.390030  0.018709  0.572552  0.018709
 0.467655  0.018709  0.494927  0.018709
 0.236167  0.041807  0.680219  0.041807


MOTIF M245_0.6 NCL

letter-probability matrix: alength=4 w= 18 nsites= 20 E= 0
 0.10  0.90  0.00  0.00
 0.10  0.80  0.05  0.05
 0.00  0.10  0.90  0.00
 0.95  0.05  0.00  0.00
 1.00  0.00  0.00  0.00
 1.00  0.00  0.00  0.00
 0.10  0.00  0.45  0.45
 0.00  1.00  0.00  0.00
 0.00  1.00  0.00  0.00
 0.00  1.00  0.00  0.00
 0.00  0.00  1.00  0.00
 1.00  0.00  0.00  0.00
 1.00  0.00  0.00  0.00
 0.00  0.05  0.95  0.00
 0.00  0.00  0.05  0.95
 1.00  0.00  0.00  0.00
 0.05  0.20  0.65  0.10
 0.00  0.05  0.85  0.10


MOTIF M124_0.6 ELAVL3

letter-probability matrix: alength=4 w= 7 nsites= 20 E= 0
 0.030190  0.030190  0.030190  0.909430
 0.006299  0.006299  0.006299  0.981102
 0.224777  0.006299  0.184027  0.584897
 0.208458  0.103203  0.483070  0.205269
 0.006299  0.006299  0.791684  0.195717
 0.006299  0.006299  0.006299  0.981102
 0.006299  0.006299  0.006299  0.981102


MOTIF M120_0.6 CPEB3

letter-probability matrix: alength=4 w= 7 nsites= 20 E= 0
 0.055228  0.055228  0.447831  0.441713
 0.006143  0.006143  0.006143  0.981572
 0.006143  0.006143  0.006143  0.981572
 0.006143  0.006143  0.006143  0.981572
 0.030342  0.030342  0.713695  0.225621
 0.054209  0.054209  0.558208  0.333375
 0.078365  0.078365  0.667050  0.176220


MOTIF M141_0.6 ESRP2

letter-probability matrix: alength=4 w= 7 nsites= 20 E= 0
 0.085113  0.085113  0.085113  0.744660
 0.037294  0.037294  0.888118  0.037294
 0.012879  0.012879  0.961362  0.012879
 0.012879  0.012879  0.961362  0.012879
 0.219485  0.036743  0.707029  0.036743
 0.716461  0.036743  0.210053  0.036743
 0.206193  0.107355  0.197175  0.489277


MOTIF M145_0.6 RBM5

letter-probability matrix: alength=4 w= 7 nsites= 20 E= 0
 0.063448  0.270051  0.603054  0.063448
 0.878566  0.040478  0.040478  0.040478
 0.668123  0.106940  0.118834  0.106102
 0.017346  0.196701  0.768607  0.017346
 0.017346  0.107107  0.858200  0.017346
 0.700285  0.040458  0.218799  0.040458
 0.151742  0.063227  0.721805  0.063227


MOTIF M228_0.6 PTBP1

letter-probability matrix: alength=4 w= 7 nsites= 20 E= 0
 0.482936  0.211619  0.108073  0.197372
 0.015605  0.670412  0.015605  0.298378
 0.015605  0.015605  0.015605  0.953185
 0.106236  0.015605  0.015605  0.862554
 0.106236  0.015605  0.015605  0.862554
 0.038830  0.691175  0.038830  0.231165
 0.062502  0.162216  0.062502  0.712780


MOTIF M062_0.6 SART3

letter-probability matrix: alength=4 w= 7 nsites= 20 E= 0
 0.757020  0.080993  0.080993  0.080993
 0.327083  0.123145  0.516828  0.032943
 0.973796  0.008735  0.008735  0.008735
 0.973796  0.008735  0.008735  0.008735
 0.973796  0.008735  0.008735  0.008735
 0.772120  0.120614  0.098531  0.008735
 0.687405  0.203937  0.008735  0.099923


MOTIF M307_0.6 NONO

letter-probability matrix: alength=4 w= 5 nsites= 20 E= 0
 1.000000  0  0  0.000000
 0.000000  0  1  0.000000
 0.000000  0  1  0.000000
 0.000000  0  1  0.000000
 0.896552  0  0  0.103448


MOTIF M149_0.6 CPEB3

letter-probability matrix: alength=4 w= 7 nsites= 20 E= 0
 0.169793  0.452469  0.164509  0.213229
 0.096930  0.091988  0.006582  0.804500
 0.006582  0.006582  0.006582  0.980253
 0.006582  0.006582  0.006582  0.980253
 0.006582  0.006582  0.006582  0.980253
 0.006582  0.006582  0.090566  0.896270
 0.030536  0.030536  0.030536  0.908393


MOTIF M328_0.6 ELAVL2

letter-probability matrix: alength=4 w= 14 nsites= 20 E= 0
 0.421053  0.315789  0.052632  0.210526
 0.090909  0.181818  0.000000  0.727273
 0.090909  0.454545  0.136364  0.318182
 0.391304  0.521739  0.043478  0.043478
 0.000000  0.000000  0.000000  1.000000
 0.037037  0.000000  0.000000  0.962963
 0.000000  0.000000  0.037037  0.962963
 0.259259  0.111111  0.148148  0.481481
 0.111111  0.148148  0.111111  0.629630
 0.360000  0.080000  0.120000  0.440000
 0.090909  0.000000  0.090909  0.818182
 0.150000  0.000000  0.050000  0.800000
 0.176471  0.411765  0.058824  0.352941
 0.142857  0.142857  0.428571  0.285714


MOTIF M162_0.6 PABPC5

letter-probability matrix: alength=4 w= 7 nsites= 20 E= 0
 0.754944  0.081685  0.081685  0.081685
 0.201446  0.036594  0.725366  0.036594
 0.960027  0.013324  0.013324  0.013324
 0.960027  0.013324  0.013324  0.013324
 0.960027  0.013324  0.013324  0.013324
 0.463978  0.111675  0.196267  0.228079
 0.111062  0.180493  0.013324  0.695121


MOTIF M045_0.6 

letter-probability matrix: alength=4 w= 7 nsites= 20 E= 0
 0.003464  0.003464  0.003464  0.989608
 0.003464  0.003464  0.989608  0.003464
 0.003464  0.003464  0.003464  0.989608
 0.989608  0.003464  0.003464  0.003464
 0.183345  0.565191  0.065532  0.185932
 0.989608  0.003464  0.003464  0.003464
 0.091799  0.091799  0.410145  0.406256


MOTIF M320_0.6 MBNL3

letter-probability matrix: alength=4 w= 4 nsites= 20 E= 0
 0  0.420091  0.000000  0.579909
 0  0.004566  0.995434  0.000000
 0  0.995434  0.004566  0.000000
 0  0.196347  0.000000  0.803653


MOTIF M207_0.6 PCBP4

letter-probability matrix: alength=4 w= 8 nsites= 20 E= 0
 0.129928  0.610217  0.129928  0.129928
 0.162170  0.715249  0.061291  0.061291
 0.098538  0.198320  0.015119  0.688023
 0.098538  0.015119  0.015119  0.871225
 0.126146  0.038324  0.038324  0.797205
 0.061804  0.814587  0.061804  0.061804
 0.061804  0.814587  0.061804  0.061804
 0.135300  0.507774  0.135300  0.221625


MOTIF M049_0.6 RBM38

letter-probability matrix: alength=4 w= 7 nsites= 20 E= 0
 0.078292  0.078292  0.575323  0.268094
 0.005732  0.005732  0.281233  0.707302
 0.005732  0.005732  0.982803  0.005732
 0.005732  0.005732  0.089683  0.898853
 0.005732  0.005732  0.982803  0.005732
 0.005732  0.106401  0.170014  0.717853
 0.052484  0.052484  0.668519  0.226513


MOTIF M158_0.6 HNRNPCL1

letter-probability matrix: alength=4 w= 7 nsites= 20 E= 0
 0.539994  0.180235  0.079750  0.200020
 0.005311  0.005311  0.005311  0.984067
 0.005311  0.005311  0.005311  0.984067
 0.005311  0.005311  0.005311  0.984067
 0.005311  0.005311  0.005311  0.984067
 0.005311  0.005311  0.005311  0.984067
 0.053241  0.131117  0.255010  0.560633


MOTIF M235_0.6 RBM47

letter-probability matrix: alength=4 w= 7 nsites= 20 E= 0
 0.081636  0.081636  0.755092  0.081636
 0.893810  0.035397  0.035397  0.035397
 0.012198  0.012198  0.012198  0.963407
 0.012198  0.113627  0.861978  0.012198
 0.963407  0.012198  0.012198  0.012198
 0.410160  0.012198  0.012198  0.565445
 0.257999  0.268211  0.086511  0.387280


MOTIF M231_0.6 EIF2S1

letter-probability matrix: alength=4 w= 7 nsites= 20 E= 0
 0.412365  0.106883  0.106883  0.373868
 0.014525  0.014525  0.956424  0.014525
 0.014525  0.956424  0.014525  0.014525
 0.956424  0.014525  0.014525  0.014525
 0.014525  0.014525  0.014525  0.956424
 0.014525  0.014525  0.956424  0.014525
 0.249671  0.425963  0.163664  0.160702


MOTIF M316_0.6 FUS

letter-probability matrix: alength=4 w= 4 nsites= 20 E= 0
 0  0  1  0
 0  0  1  0
 0  0  0  1
 0  0  1  0


MOTIF M073_0.6 STAR-PAP

letter-probability matrix: alength=4 w= 7 nsites= 20 E= 0
 0.199425  0.575805  0.112385  0.112385
 0.213061  0.112385  0.562169  0.112385
 0.866619  0.044460  0.044460  0.044460
 0.021730  0.021730  0.021730  0.934811
 0.934811  0.021730  0.021730  0.021730
 0.067640  0.707760  0.067640  0.156959
 0.090343  0.090343  0.090343  0.728970


MOTIF M083_0.6 ZC3H10

letter-probability matrix: alength=4 w= 7 nsites= 20 E= 0
 0.099214  0.273471  0.528102  0.099214
 0.135667  0.572737  0.237932  0.053664
 0.821282  0.118722  0.029998  0.029998
 0.005874  0.005874  0.982378  0.005874
 0.005874  0.982378  0.005874  0.005874
 0.030671  0.030671  0.907987  0.030671
 0.216884  0.564327  0.109394  0.109394


MOTIF M154_0.6 SRSF1

letter-probability matrix: alength=4 w= 7 nsites= 20 E= 0
 0.083926  0.083926  0.748222  0.083926
 0.032001  0.032001  0.903996  0.032001
 0.682893  0.008570  0.299968  0.008570
 0.101418  0.008570  0.881442  0.008570
 0.079679  0.079238  0.832514  0.008570
 0.832374  0.102827  0.032399  0.032399
 0.200981  0.221260  0.520675  0.057085


MOTIF M087_0.6 SRSF12

letter-probability matrix: alength=4 w= 7 nsites= 20 E= 0
 0.902768  0.032411  0.032411  0.032411
 0.180600  0.008026  0.803348  0.008026
 0.975921  0.008026  0.008026  0.008026
 0.096687  0.008026  0.887260  0.008026
 0.882651  0.008026  0.101296  0.008026
 0.507476  0.102833  0.381665  0.008026
 0.514301  0.141181  0.312848  0.031670


MOTIF M150_0.6 RALY

letter-probability matrix: alength=4 w= 7 nsites= 20 E= 0
 0.120423  0.030364  0.030364  0.818849
 0.006047  0.006047  0.006047  0.981860
 0.006047  0.006047  0.006047  0.981860
 0.006047  0.006047  0.006047  0.981860
 0.006047  0.006047  0.006047  0.981860
 0.006047  0.093330  0.095158  0.805466
 0.078456  0.174053  0.551652  0.195838


MOTIF M077_0.6 U2AF2

letter-probability matrix: alength=4 w= 7 nsites= 20 E= 0
 0.134654  0.130356  0.053414  0.681576
 0.005759  0.005759  0.005759  0.982722
 0.005759  0.005759  0.005759  0.982722
 0.005759  0.005759  0.005759  0.982722
 0.005759  0.098041  0.005759  0.890440
 0.005759  0.327792  0.005759  0.660689
 0.052968  0.717499  0.052968  0.176564


MOTIF M331_0.6 SRSF7

letter-probability matrix: alength=4 w= 10 nsites= 20 E= 0
 0.790698  0.139535  0.023256  0.046512
 0.069767  0.023256  0.837209  0.069767
 0.930233  0.069767  0.000000  0.000000
 0.000000  0.976744  0.000000  0.023256
 0.139535  0.023256  0.395349  0.441860
 0.953488  0.023256  0.000000  0.023256
 0.000000  0.883721  0.046512  0.069767
 0.116279  0.000000  0.883721  0.000000
 0.720930  0.116279  0.000000  0.162791
 0.069767  0.209302  0.139535  0.581395


MOTIF M054_0.6 RBM8A

letter-probability matrix: alength=4 w= 7 nsites= 20 E= 0
 0.194887  0.112873  0.579367  0.112873
 0.020971  0.669653  0.020971  0.288404
 0.020971  0.098901  0.859157  0.020971
 0.020971  0.859157  0.098901  0.020971
 0.020971  0.098901  0.859157  0.020971
 0.020971  0.846311  0.111747  0.020971
 0.066638  0.157225  0.614434  0.161702


MOTIF M177_0.6 PCBP4

letter-probability matrix: alength=4 w= 7 nsites= 20 E= 0
 0.060777  0.817669  0.060777  0.060777
 0.102003  0.868663  0.014667  0.014667
 0.291028  0.110005  0.014667  0.584300
 0.373745  0.014667  0.014667  0.596920
 0.384799  0.191567  0.014667  0.408968
 0.014667  0.955999  0.014667  0.014667
 0.014667  0.955999  0.014667  0.014667


MOTIF M050_0.6 RBM4B

letter-probability matrix: alength=4 w= 7 nsites= 20 E= 0
 0.054772  0.054772  0.835684  0.054772
 0.006431  0.980707  0.006431  0.006431
 0.006431  0.006431  0.980707  0.006431
 0.006431  0.893048  0.094090  0.006431
 0.006431  0.094090  0.893048  0.006431
 0.006431  0.221714  0.678505  0.093350
 0.056470  0.234661  0.570651  0.138218


MOTIF M031_0.6 ELAVL1

letter-probability matrix: alength=4 w= 7 nsites= 20 E= 0
 0.006480  0.00648  0.006480  0.980561
 0.006480  0.00648  0.006480  0.980561
 0.536437  0.00648  0.177270  0.279813
 0.087918  0.00648  0.185654  0.719948
 0.006480  0.00648  0.006480  0.980561
 0.006480  0.00648  0.006480  0.980561
 0.056950  0.14373  0.143650  0.655670


MOTIF M035_0.6 LIN28A

letter-probability matrix: alength=4 w= 7 nsites= 20 E= 0
 0.304006  0.387398  0.109358  0.199238
 0.039266  0.039266  0.882201  0.039266
 0.039266  0.039266  0.882201  0.039266
 0.882201  0.039266  0.039266  0.039266
 0.015516  0.015516  0.953452  0.015516
 0.695454  0.039266  0.039266  0.226014
 0.719902  0.062553  0.154991  0.062553


MOTIF M112_0.6 ELAVL1

letter-probability matrix: alength=4 w= 7 nsites= 20 E= 0
 0.033204  0.033204  0.033204  0.900389
 0.033204  0.033204  0.033204  0.900389
 0.140105  0.009265  0.097093  0.753537
 0.189910  0.099147  0.613030  0.097913
 0.009265  0.009265  0.292887  0.688583
 0.009265  0.097913  0.009265  0.883558
 0.057362  0.057362  0.145933  0.739343


MOTIF M287_0.6 

letter-probability matrix: alength=4 w= 21 nsites= 20 E= 0
 0.000000  0.000000  0.000000  1.000000
 0.000000  0.000000  1.000000  0.000000
 0.000000  0.000000  0.000000  1.000000
 1.000000  0.000000  0.000000  0.000000
 0.434783  0.217391  0.304348  0.043478
 0.739130  0.000000  0.130435  0.130435
 0.173913  0.043478  0.000000  0.782609
 0.652174  0.000000  0.043478  0.304348
 0.434783  0.130435  0.391304  0.043478
 0.217391  0.347826  0.260870  0.173913
 0.173913  0.173913  0.217391  0.434783
 0.260870  0.304348  0.347826  0.086957
 0.304348  0.304348  0.304348  0.086957
 0.043478  0.391304  0.260870  0.304348
 0.000000  0.478261  0.347826  0.173913
 0.045455  0.454545  0.227273  0.272727
 0.000000  0.476190  0.285714  0.238095
 0.000000  0.523810  0.380952  0.095238
 0.000000  0.750000  0.150000  0.100000
 0.000000  0.777778  0.111111  0.111111
 0.000000  0.461538  0.461538  0.076923


MOTIF M350_0.6 ZFP36

letter-probability matrix: alength=4 w= 9 nsites= 20 E= 0
 0.1875  0.0625  0.0000  0.7500
 0.0625  0.0000  0.0625  0.8750
 0.9375  0.0000  0.0625  0.0000
 0.0000  0.0000  0.0000  1.0000
 0.0000  0.0000  0.0000  1.0000
 0.0000  0.0000  0.0000  1.0000
 0.8750  0.0625  0.0625  0.0000
 0.3750  0.0000  0.0000  0.6250
 0.0625  0.1250  0.2500  0.5625


MOTIF M354_0.6 YTHDC1

letter-probability matrix: alength=4 w= 6 nsites= 20 E= 0
 0.000000  0.138889  0.472222  0.388889
 0.472222  0.361111  0.138889  0.027778
 0.416667  0.194444  0.277778  0.111111
 0.000000  0.000000  0.055556  0.944444
 0.388889  0.222222  0.388889  0.000000
 0.055556  0.861111  0.083333  0.000000


MOTIF M273_0.6 SRSF1

letter-probability matrix: alength=4 w= 7 nsites= 20 E= 0
 0.823529  0.058824  0.058824  0.058824
 0.000000  1.000000  0.000000  0.000000
 0.000000  0.000000  1.000000  0.000000
 0.000000  0.941176  0.058824  0.000000
 0.000000  0.000000  0.882353  0.117647
 0.117647  0.882353  0.000000  0.000000
 0.529412  0.058824  0.294118  0.117647


MOTIF M016_0.6 FMR1

letter-probability matrix: alength=4 w= 7 nsites= 20 E= 0
 0.110871  0.110871  0.576231  0.202027
 0.018333  0.018333  0.945001  0.018333
 0.945001  0.018333  0.018333  0.018333
 0.018333  0.945001  0.018333  0.018333
 0.766210  0.018333  0.197124  0.018333
 0.499700  0.041453  0.417394  0.041453
 0.133741  0.041453  0.783354  0.041453


MOTIF M012_0.6 CPEB3

letter-probability matrix: alength=4 w= 7 nsites= 20 E= 0
 0.032879  0.796091  0.032879  0.138151
 0.277372  0.218126  0.008945  0.495557
 0.104263  0.096170  0.008945  0.790621
 0.008945  0.008945  0.008945  0.973164
 0.008945  0.008945  0.008945  0.973164
 0.008945  0.008945  0.008945  0.973164
 0.032710  0.032710  0.214375  0.720205


MOTIF M250_0.6 CSDA

letter-probability matrix: alength=4 w= 6 nsites= 20 E= 0
 1.000000  0.000000  0.000000  0.000000
 1.000000  0.000000  0.000000  0.000000
 0.000000  0.769231  0.230769  0.000000
 0.923077  0.000000  0.000000  0.076923
 0.153846  0.076923  0.000000  0.769231
 0.000000  0.846154  0.000000  0.153846


MOTIF M254_0.6 CSDA

letter-probability matrix: alength=4 w= 6 nsites= 20 E= 0
 1.0  0.0  0.0  0.0
 1.0  0.0  0.0  0.0
 0.0  0.8  0.1  0.1
 1.0  0.0  0.0  0.0
 0.1  0.2  0.0  0.7
 0.0  0.9  0.0  0.1


MOTIF M238_0.6 RBM38

letter-probability matrix: alength=4 w= 7 nsites= 20 E= 0
 0.105615  0.105615  0.584614  0.204156
 0.293412  0.009687  0.009687  0.687214
 0.009687  0.009687  0.970938  0.009687
 0.009687  0.009687  0.009687  0.970938
 0.009687  0.009687  0.880723  0.099902
 0.009687  0.009687  0.099984  0.880642
 0.123244  0.033509  0.720084  0.123163


MOTIF M072_0.6 SRSF9

letter-probability matrix: alength=4 w= 7 nsites= 20 E= 0
 0.884672  0.038443  0.038443  0.038443
 0.100590  0.015074  0.682096  0.202240
 0.101697  0.015074  0.868154  0.015074
 0.782639  0.015074  0.100590  0.101697
 0.195200  0.207539  0.496434  0.100827
 0.294161  0.675690  0.015074  0.015074
 0.645466  0.086154  0.182227  0.086154


MOTIF M082_0.6 YBX2

letter-probability matrix: alength=4 w= 7 nsites= 20 E= 0
 0.881093  0.009666  0.099576  0.009666
 0.881093  0.009666  0.099576  0.009666
 0.009666  0.881093  0.099576  0.009666
 0.971003  0.009666  0.009666  0.009666
 0.497568  0.009666  0.099576  0.393191
 0.009666  0.971003  0.009666  0.009666
 0.328968  0.105498  0.271540  0.293994


MOTIF M155_0.6 ZNF638

letter-probability matrix: alength=4 w= 7 nsites= 20 E= 0
 0.090768  0.180152  0.178182  0.550898
 0.019924  0.019924  0.854569  0.105583
 0.019924  0.019924  0.019924  0.940228
 0.019924  0.019924  0.129433  0.830720
 0.019924  0.572493  0.387660  0.019924
 0.019924  0.019924  0.656335  0.303817
 0.066065  0.066065  0.152230  0.715640


MOTIF M086_0.6 SRSF12

letter-probability matrix: alength=4 w= 7 nsites= 20 E= 0
 0.883916  0.097811  0.009136  0.009136
 0.285324  0.009136  0.696404  0.009136
 0.890193  0.009136  0.091534  0.009136
 0.100491  0.009136  0.881237  0.009136
 0.696404  0.009136  0.285324  0.009136
 0.300576  0.116336  0.573951  0.009136
 0.326935  0.145171  0.494836  0.033058


MOTIF M151_0.6 HNRNPH2

letter-probability matrix: alength=4 w= 7 nsites= 20 E= 0
 0.055748  0.120905  0.767599  0.055748
 0.029487  0.091773  0.849252  0.029487
 0.099100  0.069719  0.825351  0.005830
 0.760796  0.069719  0.070384  0.099100
 0.005830  0.069719  0.812196  0.112256
 0.005830  0.069719  0.918622  0.005830
 0.136874  0.136240  0.651529  0.075358


MOTIF M159_0.6 A2BP1

letter-probability matrix: alength=4 w= 7 nsites= 20 E= 0
 0.312097  0.051748  0.051748  0.584408
 0.004218  0.004218  0.987345  0.004218
 0.004218  0.987345  0.004218  0.004218
 0.987345  0.004218  0.004218  0.004218
 0.004218  0.004218  0.004218  0.987345
 0.004218  0.004218  0.987345  0.004218
 0.313688  0.481445  0.102434  0.102434


MOTIF M234_0.6 RBM47

letter-probability matrix: alength=4 w= 7 nsites= 20 E= 0
 0.058576  0.058576  0.824271  0.058576
 0.965917  0.011361  0.011361  0.011361
 0.011361  0.011361  0.011361  0.965917
 0.011361  0.106358  0.870920  0.011361
 0.965917  0.011361  0.011361  0.011361
 0.403022  0.011361  0.011361  0.574256
 0.270268  0.179710  0.264781  0.285241


MOTIF M317_0.6 SNRPA

letter-probability matrix: alength=4 w= 8 nsites= 20 E= 0
 0.777778  0.000000  0.000000  0.222222
 0.000000  0.000000  0.000000  1.000000
 0.111111  0.000000  0.000000  0.888889
 0.000000  0.000000  1.000000  0.000000
 0.000000  1.000000  0.000000  0.000000
 1.000000  0.000000  0.000000  0.000000
 0.000000  1.000000  0.000000  0.000000
 0.222222  0.222222  0.111111  0.444444


MOTIF M055_0.6 RBMS2

letter-probability matrix: alength=4 w= 7 nsites= 20 E= 0
 0.582687  0.202666  0.107323  0.107323
 0.011713  0.108040  0.011713  0.868533
 0.964860  0.011713  0.011713  0.011713
 0.011713  0.011713  0.011713  0.964860
 0.964860  0.011713  0.011713  0.011713
 0.104352  0.105548  0.217823  0.572278
 0.524784  0.356884  0.059166  0.059166


MOTIF M176_0.6 KHDRBS2

letter-probability matrix: alength=4 w= 7 nsites= 20 E= 0
 0.357306  0.082405  0.477884  0.082405
 0.868569  0.108171  0.011630  0.011630
 0.011630  0.102159  0.011630  0.874581
 0.784052  0.011630  0.011630  0.192688
 0.965110  0.011630  0.011630  0.011630
 0.874969  0.011630  0.011630  0.101771
 0.516879  0.318808  0.036202  0.128111


MOTIF M051_0.6 RBM41

letter-probability matrix: alength=4 w= 7 nsites= 20 E= 0
 0.446003  0.056673  0.056673  0.440652
 0.009017  0.009017  0.009017  0.972949
 0.972949  0.009017  0.009017  0.009017
 0.009017  0.972949  0.009017  0.009017
 0.582865  0.009017  0.009017  0.399101
 0.009017  0.009017  0.009017  0.972949
 0.104460  0.104460  0.194732  0.596347


MOTIF M334_0.6 SRSF4

letter-probability matrix: alength=4 w= 17 nsites= 20 E= 0
 0.00  0.00  1.00  0.00
 0.75  0.00  0.25  0.00
 0.00  0.00  0.00  1.00
 0.00  1.00  0.00  0.00
 1.00  0.00  0.00  0.00
 1.00  0.00  0.00  0.00
 0.00  1.00  0.00  0.00
 0.00  1.00  0.00  0.00
 0.50  0.25  0.00  0.25
 0.00  0.00  1.00  0.00
 0.00  0.00  1.00  0.00
 0.00  1.00  0.00  0.00
 0.00  0.00  1.00  0.00
 1.00  0.00  0.00  0.00
 0.00  1.00  0.00  0.00
 0.75  0.25  0.00  0.00
 0.00  0.00  1.00  0.00


MOTIF M330_0.6 ELAVL2

letter-probability matrix: alength=4 w= 9 nsites= 20 E= 0
 0.333333  0.000000  0.000000  0.666667
 0.000000  0.000000  0.000000  1.000000
 0.000000  0.166667  0.000000  0.833333
 0.000000  0.333333  0.000000  0.666667
 0.833333  0.000000  0.166667  0.000000
 0.166667  0.166667  0.000000  0.666667
 0.000000  0.000000  0.000000  1.000000
 0.000000  0.000000  0.000000  1.000000
 0.000000  0.000000  0.000000  1.000000


MOTIF M286_0.6 

letter-probability matrix: alength=4 w= 4 nsites= 20 E= 0
 0  0  0  1
 0  0  1  0
 0  0  0  1
 1  0  0  0


MOTIF M351_0.6 SRSF1

letter-probability matrix: alength=4 w= 10 nsites= 20 E= 0
 0.555556  0.111111  0.111111  0.222222
 0.222222  0.000000  0.555556  0.222222
 0.027778  0.000000  0.944444  0.027778
 0.972222  0.027778  0.000000  0.000000
 0.055556  0.916667  0.027778  0.000000
 0.555556  0.000000  0.388889  0.055556
 0.277778  0.000000  0.694444  0.027778
 0.944444  0.027778  0.027778  0.000000
 0.222222  0.055556  0.722222  0.000000
 0.000000  0.972222  0.000000  0.027778


MOTIF M272_0.6 SRSF1

letter-probability matrix: alength=4 w= 8 nsites= 20 E= 0
 0.55  0.05  0.30  0.10
 0.00  0.05  0.95  0.00
 0.85  0.00  0.10  0.05
 0.80  0.05  0.10  0.05
 0.05  0.05  0.85  0.05
 0.60  0.00  0.40  0.00
 0.75  0.00  0.25  0.00
 0.00  0.90  0.00  0.10


MOTIF M117_0.6 

letter-probability matrix: alength=4 w= 7 nsites= 20 E= 0
 0.079624  0.079624  0.591074  0.249678
 0.004815  0.004815  0.082266  0.908103
 0.004815  0.004815  0.898476  0.091894
 0.004815  0.004815  0.700168  0.290202
 0.004815  0.004815  0.079186  0.911184
 0.004815  0.004815  0.985555  0.004815
 0.029319  0.029319  0.116353  0.825009


MOTIF M113_0.6 

letter-probability matrix: alength=4 w= 7 nsites= 20 E= 0
 0.790791  0.069736  0.069736  0.069736
 0.003881  0.988357  0.003881  0.003881
 0.003881  0.003881  0.003881  0.988357
 0.988357  0.003881  0.003881  0.003881
 0.988357  0.003881  0.003881  0.003881
 0.003881  0.988357  0.003881  0.003881
 0.432037  0.294946  0.169993  0.103025


MOTIF M138_0.6 

letter-probability matrix: alength=4 w= 7 nsites= 20 E= 0
 0.506939  0.105484  0.190951  0.196626
 0.975067  0.008311  0.008311  0.008311
 0.008311  0.975067  0.008311  0.008311
 0.008311  0.008311  0.008311  0.975067
 0.975067  0.008311  0.008311  0.008311
 0.975067  0.008311  0.008311  0.008311
 0.078494  0.078494  0.764519  0.078494


MOTIF M017_0.6 RBFOX2

letter-probability matrix: alength=4 w= 7 nsites= 20 E= 0
 0.298745  0.051226  0.051226  0.598803
 0.003968  0.003968  0.988097  0.003968
 0.003968  0.988097  0.003968  0.003968
 0.988097  0.003968  0.003968  0.003968
 0.003968  0.003968  0.003968  0.988097
 0.003968  0.003968  0.988097  0.003968
 0.405195  0.389107  0.102849  0.102849


MOTIF M013_0.6 DAZAP1

letter-probability matrix: alength=4 w= 7 nsites= 20 E= 0
 0.012021  0.012021  0.012021  0.963936
 0.963936  0.012021  0.012021  0.012021
 0.101644  0.012021  0.874313  0.012021
 0.117534  0.012021  0.670502  0.199943
 0.201960  0.012021  0.099222  0.686796
 0.686796  0.012021  0.097911  0.203272
 0.337268  0.059158  0.544416  0.059158


MOTIF M134_0.6 

letter-probability matrix: alength=4 w= 8 nsites= 20 E= 0
 0.206404  0.132411  0.528773  0.132411
 0.814858  0.061714  0.061714  0.061714
 0.038658  0.038658  0.038658  0.884026
 0.038658  0.884026  0.038658  0.038658
 0.952347  0.015884  0.015884  0.015884
 0.549830  0.169623  0.093028  0.187520
 0.062368  0.062368  0.812897  0.062368
 0.522115  0.210931  0.133477  0.133477


MOTIF M348_0.6 SNRPA

letter-probability matrix: alength=4 w= 7 nsites= 20 E= 0
 0.6875  0.0000  0.0625  0.2500
 0.0000  0.2500  0.7500  0.0000
 0.0000  0.0000  0.9375  0.0625
 0.7500  0.1250  0.1250  0.0000
 0.0625  0.0000  0.8125  0.1250
 0.8750  0.0625  0.0625  0.0000
 0.0625  0.0625  0.1250  0.7500


MOTIF M102_0.6 SRSF1

letter-probability matrix: alength=4 w= 7 nsites= 20 E= 0
 0.033006  0.033006  0.900981  0.033006
 0.263594  0.009451  0.717503  0.009451
 0.890571  0.009451  0.009451  0.090526
 0.009451  0.103968  0.762920  0.123661
 0.009451  0.009451  0.971646  0.009451
 0.762920  0.009451  0.218177  0.009451
 0.293264  0.373623  0.172300  0.160813


MOTIF M025_0.6 HNRNPC

letter-probability matrix: alength=4 w= 7 nsites= 20 E= 0
 0.565810  0.184580  0.080344  0.169265
 0.006153  0.006153  0.006153  0.981541
 0.006153  0.006153  0.006153  0.981541
 0.006153  0.006153  0.006153  0.981541
 0.006153  0.006153  0.006153  0.981541
 0.006153  0.006153  0.006153  0.981541
 0.054568  0.147524  0.272217  0.525691


MOTIF M021_0.6 G3BP2

letter-probability matrix: alength=4 w= 7 nsites= 20 E= 0
 0.742366  0.058178  0.058178  0.141278
 0.034508  0.034508  0.896475  0.034508
 0.010931  0.010931  0.967207  0.010931
 0.967207  0.010931  0.010931  0.010931
 0.010931  0.010931  0.010931  0.967207
 0.310913  0.010931  0.480632  0.197524
 0.608185  0.010931  0.281095  0.099788


MOTIF M106_0.6 SRSF1

letter-probability matrix: alength=4 w= 8 nsites= 20 E= 0
 0.328310  0.407810  0.131940  0.131940
 0.897566  0.034145  0.034145  0.034145
 0.010158  0.010158  0.969527  0.010158
 0.010158  0.010158  0.969527  0.010158
 0.969527  0.010158  0.010158  0.010158
 0.057693  0.630209  0.165633  0.146465
 0.649823  0.188224  0.080977  0.080977
 0.339071  0.313698  0.218962  0.128269


MOTIF M344_0.6 RBMX

letter-probability matrix: alength=4 w= 4 nsites= 20 E= 0
 0.000000  1.000000  0.000000  0.000000
 0.000000  1.000000  0.000000  0.000000
 0.666667  0.333333  0.000000  0.000000
 0.000000  0.250000  0.416667  0.333333


MOTIF M297_0.6 RBFOX2

letter-probability matrix: alength=4 w= 5 nsites= 20 E= 0
 0  0.000  1  0.000
 0  1.000  0  0.000
 1  0.000  0  0.000
 0  0.125  0  0.875
 0  0.000  1  0.000


MOTIF M002_0.6 ANKHD1

letter-probability matrix: alength=4 w= 7 nsites= 20 E= 0
 0.773203  0.075599  0.075599  0.075599
 0.004305  0.004305  0.987086  0.004305
 0.987086  0.004305  0.004305  0.004305
 0.004305  0.987086  0.004305  0.004305
 0.004305  0.004305  0.987086  0.004305
 0.228810  0.102089  0.004305  0.664797
 0.427754  0.079309  0.099730  0.393206


MOTIF M121_0.6 SRSF3

letter-probability matrix: alength=4 w= 7 nsites= 20 E= 0
 0.687218  0.104261  0.104261  0.104261
 0.126713  0.033212  0.033212  0.806864
 0.008973  0.973080  0.008973  0.008973
 0.973080  0.008973  0.008973  0.008973
 0.401594  0.008973  0.202382  0.387051
 0.033026  0.900922  0.033026  0.033026
 0.181353  0.081062  0.656523  0.081062


MOTIF M244_0.6 

letter-probability matrix: alength=4 w= 7 nsites= 20 E= 0
 0.180382  0.083640  0.460564  0.275414
 0.008040  0.008040  0.008040  0.975880
 0.975880  0.008040  0.008040  0.008040
 0.975880  0.008040  0.008040  0.008040
 0.008040  0.008040  0.008040  0.975880
 0.008040  0.008040  0.008040  0.975880
 0.164369  0.263168  0.493207  0.079256


MOTIF M240_0.6 RBM38

letter-probability matrix: alength=4 w= 8 nsites= 20 E= 0
 0.128696  0.128696  0.613911  0.128696
 0.512984  0.033437  0.033437  0.420143
 0.009450  0.009450  0.971650  0.009450
 0.009450  0.009450  0.009450  0.971650
 0.009450  0.009450  0.971650  0.009450
 0.101977  0.009450  0.009450  0.879123
 0.125821  0.033449  0.715632  0.125098
 0.319373  0.130770  0.326058  0.223799


MOTIF M148_0.6 PABPN1

letter-probability matrix: alength=4 w= 7 nsites= 20 E= 0
 0.974659  0.008447  0.008447  0.008447
 0.283086  0.008447  0.700020  0.008447
 0.974659  0.008447  0.008447  0.008447
 0.974659  0.008447  0.008447  0.008447
 0.193759  0.095576  0.702217  0.008447
 0.974659  0.008447  0.008447  0.008447
 0.224876  0.312170  0.225891  0.237063


MOTIF M140_0.6 ENOX1

letter-probability matrix: alength=4 w= 7 nsites= 20 E= 0
 0.343506  0.437938  0.066673  0.151883
 0.584889  0.145253  0.226539  0.043320
 0.019597  0.119925  0.660549  0.199930
 0.941209  0.019597  0.019597  0.019597
 0.019597  0.853150  0.019597  0.107656
 0.849123  0.019597  0.111683  0.019597
 0.065343  0.065343  0.803970  0.065343


MOTIF M097_0.6 

letter-probability matrix: alength=4 w= 7 nsites= 20 E= 0
 0.004522  0.004522  0.004522  0.986435
 0.004522  0.004522  0.986435  0.004522
 0.004522  0.004522  0.004522  0.986435
 0.986435  0.004522  0.004522  0.004522
 0.237831  0.570591  0.069468  0.122110
 0.986435  0.004522  0.004522  0.004522
 0.096873  0.096873  0.455645  0.350609


MOTIF M144_0.6 PABPC1L

letter-probability matrix: alength=4 w= 7 nsites= 20 E= 0
 0.264222  0.082819  0.570140  0.082819
 0.964959  0.011680  0.011680  0.011680
 0.964959  0.011680  0.011680  0.011680
 0.964959  0.011680  0.011680  0.011680
 0.964959  0.011680  0.011680  0.011680
 0.095200  0.800606  0.011680  0.092513
 0.329573  0.549634  0.060397  0.060397


MOTIF M229_0.6 CELF3

letter-probability matrix: alength=4 w= 7 nsites= 20 E= 0
 0.052017  0.052017  0.052017  0.843950
 0.102806  0.006559  0.588242  0.302393
 0.006559  0.006559  0.006559  0.980323
 0.153198  0.006559  0.697364  0.142878
 0.006559  0.006559  0.006559  0.980323
 0.006559  0.006559  0.895835  0.091047
 0.030707  0.030707  0.030707  0.907879


MOTIF M048_0.6 CIRBP

letter-probability matrix: alength=4 w= 7 nsites= 20 E= 0
 0.169306  0.082405  0.665884  0.082405
 0.719594  0.036769  0.206869  0.036769
 0.184494  0.013332  0.191715  0.610459
 0.960005  0.013332  0.013332  0.013332
 0.191715  0.781622  0.013332  0.013332
 0.125075  0.036547  0.597009  0.241369
 0.682840  0.105720  0.105720  0.105720


MOTIF M325_0.6 NOVA2

letter-probability matrix: alength=4 w= 16 nsites= 20 E= 0
 0.428571  0.000000  0.285714  0.285714
 0.000000  0.428571  0.571429  0.000000
 0.285714  0.285714  0.428571  0.000000
 0.000000  0.000000  0.142857  0.857143
 0.142857  0.285714  0.285714  0.285714
 0.428571  0.285714  0.142857  0.142857
 0.285714  0.285714  0.428571  0.000000
 0.142857  0.571429  0.142857  0.142857
 0.285714  0.000000  0.000000  0.714286
 0.000000  0.000000  0.000000  1.000000
 0.000000  1.000000  0.000000  0.000000
 1.000000  0.000000  0.000000  0.000000
 0.000000  0.714286  0.000000  0.285714
 0.285714  0.571429  0.142857  0.000000
 0.000000  1.000000  0.000000  0.000000
 0.000000  1.000000  0.000000  0.000000


MOTIF M040_0.6 MSI1

letter-probability matrix: alength=4 w= 7 nsites= 20 E= 0
 0.057391  0.057391  0.057391  0.827827
 0.968267  0.010578  0.010578  0.010578
 0.010578  0.010578  0.968267  0.010578
 0.124089  0.103803  0.115982  0.656126
 0.436631  0.010578  0.010578  0.542214
 0.559229  0.034097  0.372577  0.034097
 0.138156  0.056942  0.747959  0.056942


MOTIF M167_0.6 MSI1

letter-probability matrix: alength=4 w= 7 nsites= 20 E= 0
 0.034560  0.034560  0.034560  0.896320
 0.966921  0.011026  0.011026  0.011026
 0.011026  0.011026  0.966921  0.011026
 0.110708  0.100672  0.202113  0.586507
 0.361519  0.011026  0.100975  0.526480
 0.563585  0.057726  0.320963  0.057726
 0.102480  0.102480  0.692560  0.102480


MOTIF M329_0.6 ELAVL2

letter-probability matrix: alength=4 w= 9 nsites= 20 E= 0
 0.25  0.00  0.00  0.75
 0.00  0.05  0.00  0.95
 0.00  0.00  0.00  1.00
 0.00  0.05  0.05  0.90
 0.90  0.00  0.10  0.00
 0.00  0.00  0.05  0.95
 0.20  0.00  0.00  0.80
 0.00  0.05  0.10  0.85
 0.35  0.00  0.05  0.60


MOTIF M163_0.6 IGF2BP3

letter-probability matrix: alength=4 w= 7 nsites= 20 E= 0
 0.713391  0.161112  0.062748  0.062748
 0.396295  0.487742  0.015588  0.100376
 0.784815  0.099221  0.015588  0.100376
 0.387504  0.298010  0.015588  0.298898
 0.575992  0.109522  0.015588  0.298898
 0.199370  0.769453  0.015588  0.015588
 0.863386  0.105437  0.015588  0.015588


MOTIF M044_0.6 PPRC1

letter-probability matrix: alength=4 w= 7 nsites= 20 E= 0
 0.086966  0.360843  0.465224  0.086966
 0.018506  0.572626  0.297105  0.111763
 0.018506  0.205899  0.757089  0.018506
 0.018506  0.944482  0.018506  0.018506
 0.018506  0.109711  0.853277  0.018506
 0.018506  0.856794  0.106194  0.018506
 0.064957  0.340098  0.529988  0.064957


MOTIF M170_0.6 RBM38

letter-probability matrix: alength=4 w= 7 nsites= 20 E= 0
 0.268547  0.079493  0.079493  0.572468
 0.009245  0.009245  0.972266  0.009245
 0.097139  0.009245  0.009245  0.884372
 0.009245  0.009245  0.972266  0.009245
 0.009245  0.009245  0.009245  0.972266
 0.009245  0.009245  0.972266  0.009245
 0.547425  0.083124  0.183888  0.185563


MOTIF M053_0.6 RBM5

letter-probability matrix: alength=4 w= 7 nsites= 20 E= 0
 0.130306  0.038747  0.792199  0.038747
 0.883758  0.038747  0.038747  0.038747
 0.701439  0.038747  0.221066  0.038747
 0.015536  0.015536  0.953392  0.015536
 0.015536  0.015536  0.953392  0.015536
 0.626377  0.063280  0.063280  0.247063
 0.577822  0.110334  0.201509  0.110334


MOTIF M211_0.6 PCBP4

letter-probability matrix: alength=4 w= 7 nsites= 20 E= 0
 0.269263  0.360669  0.200407  0.169661
 0.213353  0.122690  0.037271  0.626686
 0.400966  0.013659  0.013659  0.571715
 0.197180  0.013659  0.013659  0.775501
 0.125607  0.798079  0.038157  0.038157
 0.038157  0.885528  0.038157  0.038157
 0.063364  0.809908  0.063364  0.063364


MOTIF M188_0.6 PCBP4

letter-probability matrix: alength=4 w= 8 nsites= 20 E= 0
 0.226246  0.417081  0.132628  0.224045
 0.129044  0.132232  0.038858  0.699866
 0.205922  0.015080  0.015080  0.763919
 0.205922  0.015080  0.015080  0.763919
 0.015080  0.676095  0.015080  0.293745
 0.015080  0.954760  0.015080  0.015080
 0.038967  0.883098  0.038967  0.038967
 0.132452  0.132452  0.132452  0.602645


MOTIF M332_0.6 SRSF2

letter-probability matrix: alength=4 w= 10 nsites= 20 E= 0
 0.068966  0.000000  0.206897  0.724138
 0.000000  0.000000  1.000000  0.000000
 0.068966  0.000000  0.000000  0.931034
 0.034483  0.000000  0.000000  0.965517
 0.000000  1.000000  0.000000  0.000000
 0.000000  0.551724  0.448276  0.000000
 0.931034  0.000000  0.034483  0.034483
 0.000000  0.000000  1.000000  0.000000
 0.586207  0.103448  0.034483  0.275862
 0.172414  0.034483  0.137931  0.655172


MOTIF M178_0.6 BRUNOL6

letter-probability matrix: alength=4 w= 7 nsites= 20 E= 0
 0.060327  0.060327  0.060327  0.819020
 0.013041  0.013041  0.960876  0.013041
 0.013041  0.013041  0.013041  0.960876
 0.013041  0.013041  0.858392  0.115525
 0.202543  0.013041  0.400629  0.383787
 0.013041  0.013041  0.478254  0.495663
 0.060273  0.060273  0.731747  0.147707


MOTIF M070_0.6 SRSF2

letter-probability matrix: alength=4 w= 8 nsites= 20 E= 0
 0.607398  0.130867  0.130867  0.130867
 0.016420  0.016420  0.950741  0.016420
 0.016420  0.016420  0.950741  0.016420
 0.859715  0.016420  0.016420  0.107446
 0.016420  0.016420  0.950741  0.016420
 0.582607  0.016420  0.105193  0.295780
 0.304848  0.016420  0.389710  0.289023
 0.320766  0.135638  0.407959  0.135638


MOTIF M157_0.6 CELF3

letter-probability matrix: alength=4 w= 7 nsites= 20 E= 0
 0.083964  0.083964  0.083964  0.748109
 0.010123  0.010123  0.880222  0.099532
 0.010123  0.010123  0.010123  0.969631
 0.010123  0.010123  0.772611  0.207143
 0.010123  0.010123  0.096110  0.883644
 0.010123  0.010123  0.734305  0.245449
 0.057167  0.057167  0.228839  0.656826


MOTIF M319_0.6 SNRPA

letter-probability matrix: alength=4 w= 7 nsites= 20 E= 0
 1.000000  0  0  0.000000
 0.090909  0  0  0.909091
 0.000000  0  0  1.000000
 0.000000  0  1  0.000000
 0.000000  1  0  0.000000
 1.000000  0  0  0.000000
 0.000000  1  0  0.000000


MOTIF M153_0.6 LIN28A

letter-probability matrix: alength=4 w= 7 nsites= 20 E= 0
 0.112110  0.575850  0.112110  0.199930
 0.061789  0.146185  0.730236  0.061789
 0.095024  0.099817  0.790096  0.015064
 0.870056  0.099817  0.015064  0.015064
 0.015064  0.099817  0.870056  0.015064
 0.015064  0.099817  0.870056  0.015064
 0.444437  0.144544  0.349923  0.061096


MOTIF M074_0.6 TARDBP

letter-probability matrix: alength=4 w= 8 nsites= 20 E= 0
 0.323700  0.129601  0.222720  0.323978
 0.010278  0.010278  0.969165  0.010278
 0.782535  0.010278  0.108149  0.099037
 0.969165  0.010278  0.010278  0.010278
 0.010278  0.010278  0.010278  0.969165
 0.010278  0.010278  0.969165  0.010278
 0.637315  0.058422  0.148503  0.155761
 0.310646  0.130681  0.334147  0.224525


MOTIF M236_0.6 HNRNPR

letter-probability matrix: alength=4 w= 7 nsites= 20 E= 0
 0.262301  0.614345  0.061677  0.061677
 0.801041  0.125129  0.036915  0.036915
 0.959536  0.013488  0.013488  0.013488
 0.859392  0.013488  0.013488  0.113632
 0.678817  0.013488  0.013488  0.294207
 0.687587  0.013488  0.013488  0.285437
 0.151405  0.060131  0.550605  0.237859


MOTIF M232_0.6 ELAVL1

letter-probability matrix: alength=4 w= 7 nsites= 20 E= 0
 0.009890  0.113671  0.107291  0.769148
 0.009890  0.009890  0.009890  0.970331
 0.107238  0.009890  0.009890  0.872982
 0.096110  0.009890  0.096464  0.797537
 0.009890  0.009890  0.095046  0.885174
 0.009890  0.100593  0.095046  0.794471
 0.009890  0.103464  0.195407  0.691239


MOTIF M078_0.6 

letter-probability matrix: alength=4 w= 7 nsites= 20 E= 0
 0.121622  0.131334  0.053033  0.694011
 0.007578  0.007578  0.007578  0.977266
 0.007578  0.007578  0.007578  0.977266
 0.007578  0.007578  0.007578  0.977266
 0.007578  0.174909  0.007578  0.809935
 0.007578  0.281987  0.007578  0.702857
